3312
0 630
1 2759
10 3234
100 2941
1000 695
1001 425
1002 1499
1003 589
1004 920
1005 651
1006 216
1007 351
1008 1844
1009 506
101 2828
1010 1869
1011 1979
1012 472
1013 1103
1014 689
1015 142
1016 3041
1017 655
1018 1954
1019 1648
102 1647
1020 2048
1021 2346
1022 1387
1023 239
1024 2893
1025 507
1026 2512
1027 2712
1028 2731
1029 2236
103 873
1030 291
1031 2226
1032 3091
1033 1390
1034 1978
1035 2548
1036 1922
1037 175
1038 31
1039 2915
104 208
1040 249
1041 1370
1042 171
1043 1788
1044 2846
1045 1214
1046 1375
1047 173
1048 2730
1049 2939
105 1252
1050 577
1051 2463
1052 1363
1053 952
1054 2550
1055 2971
1056 2136
1057 880
1058 132
1059 687
106 731
1060 382
1061 2680
1062 3106
1063 2763
1064 3290
1065 1327
1066 2969
1067 2976
1068 2171
1069 967
107 493
1070 1577
1071 2217
1072 3253
1073 2930
1074 2525
1075 1706
1076 245
1077 2891
1078 248
1079 465
108 947
1080 1146
1081 1230
1082 2864
1083 1340
1084 2012
1085 1467
1086 1510
1087 2565
1088 1105
1089 2569
109 2398
1090 2450
1091 2838
1092 3165
1093 1326
1094 1790
1095 385
1096 927
1097 2773
1098 1586
1099 1006
11 1030
110 2312
1100 2375
1101 266
1102 2526
1103 1710
1104 2749
1105 830
1106 1620
1107 1756
1108 1281
1109 2237
111 3065
1110 1240
1111 1544
1112 733
1113 2133
1114 279
1115 3270
1116 3230
1117 3068
1118 1811
1119 1368
112 477
1120 833
1121 1793
1122 1344
1123 383
1124 3259
1125 144
1126 53
1127 1894
1128 1082
1129 260
113 1268
1130 2830
1131 2608
1132 1621
1133 749
1134 2091
1135 3069
1136 1317
1137 323
1138 1860
1139 270
114 2812
1140 1450
1141 1229
1142 2452
1143 1711
1144 1584
1145 271
1146 3178
1147 734
1148 1503
1149 392
115 3144
1150 110
1151 3082
1152 2294
1153 675
1154 3067
1155 798
1156 1115
1157 908
1158 1411
1159 153
116 1292
1160 1806
1161 2137
1162 713
1163 2882
1164 1598
1165 2275
1166 2823
1167 3056
1168 580
1169 2826
117 3011
1170 1422
1171 2972
1172 992
1173 2528
1174 32
1175 2441
1176 1476
1177 2242
1178 1126
1179 2586
118 1312
1180 1520
1181 1887
1182 2348
1183 1425
1184 3276
1185 1820
1186 2521
1187 281
1188 71
1189 2506
119 2857
1190 1371
1191 2607
1192 2454
1193 410
1194 3112
1195 2540
1196 1519
1197 1863
1198 787
1199 2173
12 2154
120 518
1200 3121
1201 2754
1202 1427
1203 703
1204 3274
1205 1209
1206 836
1207 1274
1208 3273
1209 2293
121 415
1210 2725
1211 3102
1212 87
1213 797
1214 1940
1215 45
1216 1208
1217 3221
1218 2240
1219 131
122 647
1220 1707
1221 159
1222 51
1223 321
1224 114
1225 2419
1226 1593
1227 466
1228 2131
1229 2764
123 916
1230 1971
1231 1582
1232 2132
1233 2623
1234 3010
1235 387
1236 130
1237 2183
1238 2418
1239 2997
124 3296
1240 1913
1241 1691
1242 1104
1243 117
1244 292
1245 2211
1246 1696
1247 2093
1248 1216
1249 1615
125 2877
1250 1518
1251 2975
1252 2009
1253 1673
1254 578
1255 2035
1256 834
1257 151
1258 2045
1259 3070
126 2074
1260 2354
1261 336
1262 109
1263 599
1264 654
1265 2576
1266 844
1267 3252
1268 710
1269 915
127 191
1270 2460
1271 3249
1272 2656
1273 177
1274 2845
1275 2414
1276 1004
1277 3171
1278 2473
1279 2514
128 2690
1280 2319
1281 2560
1282 188
1283 2361
1284 653
1285 1875
1286 146
1287 154
1288 1178
1289 1753
129 204
1290 956
1291 3081
1292 1907
1293 2090
1294 111
1295 1412
1296 2848
1297 2570
1298 700
1299 3083
13 1813
130 1732
1300 1463
1301 3198
1302 145
1303 2901
1304 2416
1305 2008
1306 2499
1307 2027
1308 612
1309 250
131 207
1310 610
1311 422
1312 1722
1313 2135
1314 898
1315 2788
1316 951
1317 1282
1318 1566
1319 3087
132 1771
1320 108
1321 106
1322 1592
1323 3085
1324 2948
1325 2947
1326 2403
1327 2116
1328 1805
1329 673
133 1585
1330 2092
1331 1174
1332 1874
1333 2185
1334 2816
1335 712
1336 1846
1337 1127
1338 2870
1339 179
134 2213
1340 3227
1341 2902
1342 2004
1343 408
1344 786
1345 1719
1346 1963
1347 1578
1348 1362
1349 470
135 1129
1350 2539
1351 1786
1352 1275
1353 3298
1354 2738
1355 198
1356 1886
1357 2172
1358 2022
1359 2216
136 287
1360 2444
1361 1744
1362 1508
1363 1642
1364 1759
1365 688
1366 1455
1367 1757
1368 201
1369 1612
137 2710
1370 1437
1371 1678
1372 2716
1373 1339
1374 2147
1375 1609
1376 2480
1377 1740
1378 297
1379 1652
138 1473
1380 686
1381 709
1382 136
1383 2415
1384 2024
1385 2442
1386 2023
1387 1708
1388 1271
1389 3177
139 2697
1390 1504
1391 2818
1392 2451
1393 2082
1394 998
1395 2134
1396 1814
1397 1546
1398 938
1399 1460
14 548
140 206
1400 936
1401 2238
1402 2609
1403 1502
1404 33
1405 819
1406 293
1407 2587
1408 811
1409 913
141 2945
1410 3147
1411 2028
1412 3225
1413 1207
1414 199
1415 200
1416 1581
1417 1861
1418 2498
1419 2252
142 1008
1420 666
1421 1910
1422 300
1423 43
1424 2925
1425 3161
1426 3305
1427 1102
1428 3170
1429 3169
143 1336
1430 3013
1431 1580
1432 973
1433 972
1434 1016
1435 1015
1436 1014
1437 1269
1438 674
1439 139
144 1695
1440 141
1441 2507
1442 2244
1443 2910
1444 140
1445 820
1446 1741
1447 1775
1448 1742
1449 1276
145 1200
1450 3304
1451 818
1452 1902
1453 1897
1454 2709
1455 1373
1456 1081
1457 850
1458 1809
1459 2748
146 591
1460 1451
1461 119
1462 1976
1463 1372
1464 3241
1465 925
1466 138
1467 1238
1468 1239
1469 736
147 693
1470 1122
1471 2400
1472 678
1473 895
1474 2883
1475 174
1476 202
1477 1999
1478 823
1479 1509
148 1535
1480 1511
1481 2405
1482 1791
1483 609
1484 1964
1485 1921
1486 2376
1487 1878
1488 2224
1489 2394
149 312
1490 928
1491 2549
1492 909
1493 1723
1494 1318
1495 295
1496 2046
1497 2069
1498 2600
1499 2583
15 2301
150 476
1500 822
1501 2547
1502 2199
1503 2424
1504 1650
1505 597
1506 112
1507 3174
1508 2614
1509 475
151 2852
1510 3051
1511 794
1512 812
1513 808
1514 1453
1515 2291
1516 2003
1517 711
1518 2176
1519 2175
152 1119
1520 2622
1521 1587
1522 3086
1523 3054
1524 579
1525 1507
1526 3229
1527 2892
1528 1341
1529 744
153 696
1530 1821
1531 1378
1532 1376
1533 3095
1534 2909
1535 2911
1536 34
1537 997
1538 1215
1539 1273
154 259
1540 843
1541 2347
1542 42
1543 1841
1544 1955
1545 1101
1546 604
1547 605
1548 2918
1549 1021
155 756
1550 849
1551 1862
1552 386
1553 2953
1554 2954
1555 2488
1556 2489
1557 2146
1558 2145
1559 2962
156 2366
1560 837
1561 2666
1562 3210
1563 1242
1564 1241
1565 3278
1566 2150
1567 2190
1568 1594
1569 2417
157 825
1570 894
1571 2143
1572 298
1573 155
1574 2320
1575 2198
1576 2187
1577 2566
1578 1917
1579 2755
158 722
1580 1457
1581 3146
1582 542
1583 1438
1584 896
1585 677
1586 1847
1587 1848
1588 848
1589 391
159 563
1590 390
1591 1903
1592 1607
1593 1606
1594 1608
1595 3059
1596 3058
1597 3292
1598 3291
1599 246
16 1201
160 1494
1600 247
1601 3297
1602 1743
1603 1830
1604 832
1605 1653
1606 831
1607 2081
1608 2926
1609 268
161 1943
1610 611
1611 226
1612 598
1613 1661
1614 2905
1615 2029
1616 240
1617 2790
1618 2051
1619 70
162 1745
1620 3040
1621 968
1622 2413
1623 3189
1624 3021
1625 2787
1626 115
1627 3222
1628 1516
1629 676
163 3066
1630 549
1631 261
1632 393
1633 397
1634 211
1635 3071
1636 1672
1637 1567
1638 1885
1639 2162
164 634
1640 3116
1641 1309
1642 2833
1643 264
1644 2642
1645 2225
1646 107
1647 2490
1648 118
1649 2655
165 948
1650 1161
1651 1245
1652 1967
1653 2184
1654 1179
1655 301
1656 1305
1657 897
1658 1145
1659 2876
166 1479
1660 2218
1661 1506
1662 3125
1663 1542
1664 2724
1665 1980
1666 1981
1667 11
1668 128
1669 2462
167 522
1670 2110
1671 2111
1672 1505
1673 2161
1674 1792
1675 1914
1676 1280
1677 3163
1678 218
1679 172
168 520
1680 685
1681 2401
1682 36
1683 2575
1684 2574
1685 1679
1686 2963
1687 2613
1688 2612
1689 2819
169 2239
1690 1345
1691 242
1692 1605
1693 2353
1694 3216
1695 209
1696 874
1697 875
1698 2491
1699 2815
17 777
170 358
1700 3052
1701 851
1702 325
1703 326
1704 1876
1705 1123
1706 116
1707 1172
1708 123
1709 929
171 1501
1710 912
1711 324
1712 3145
1713 2728
1714 600
1715 1431
1716 272
1717 273
1718 2615
1719 2641
172 882
1720 554
1721 1486
1722 1718
1723 718
1724 275
1725 1763
1726 2148
1727 160
1728 1466
1729 1468
173 1320
1730 2453
1731 902
1732 901
1733 294
1734 3160
1735 1143
1736 1144
1737 899
1738 446
1739 540
174 1314
1740 3038
1741 2653
1742 464
1743 163
1744 296
1745 914
1746 2047
1747 550
1748 2292
1749 1080
175 2746
1750 337
1751 582
1752 2923
1753 2924
1754 1310
1755 1423
1756 485
1757 2149
1758 2025
1759 1643
176 1251
1760 1908
1761 2241
1762 1219
1763 603
1764 157
1765 2719
1766 2879
1767 1007
1768 1005
1769 35
177 2433
1770 665
1771 664
1772 2044
1773 2906
1774 1900
1775 2464
1776 1755
1777 77
1778 3220
1779 3053
178 405
1780 1177
1781 1901
1782 2188
1783 2399
1784 484
1785 482
1786 1752
1787 1176
1788 993
1789 1308
179 184
1790 479
1791 203
1792 2227
1793 78
1794 79
1795 1597
1796 2402
1797 3027
1798 430
1799 46
18 2477
180 1834
1800 2652
1801 398
1802 2481
1803 52
1804 2817
1805 2519
1806 2520
1807 47
1808 2421
1809 1570
181 1300
1810 2789
1811 156
1812 1417
1813 316
1814 2036
1815 241
1816 3006
1817 3188
1818 835
1819 1938
182 1731
1820 2461
1821 2170
1822 1758
1823 1246
1824 911
1825 1514
1826 3055
1827 1676
1828 210
1829 102
183 1895
1830 2820
1831 1845
1832 1304
1833 1302
1834 2701
1835 1555
1836 1424
1837 1553
1838 1554
1839 2946
184 919
1840 401
1841 1426
1842 269
1843 1108
1844 2352
1845 1765
1846 327
1847 1890
1848 671
1849 670
185 1872
1850 86
1851 395
1852 152
1853 541
1854 1906
1855 3103
1856 1965
1857 54
1858 411
1859 55
186 1633
1860 129
1861 845
1862 3012
1863 2395
1864 384
1865 3250
1866 1227
1867 1226
1868 1966
1869 1489
187 1198
1870 1125
1871 2708
1872 2590
1873 1488
1874 164
1875 238
1876 1935
1877 2197
1878 926
1879 1061
188 413
1880 197
1881 1446
1882 3029
1883 376
1884 375
1885 374
1886 2774
1887 1469
1888 2207
1889 135
189 3123
1890 1989
1891 143
1892 2847
1893 1787
1894 2964
1895 1138
1896 2080
1897 1475
1898 2770
1899 2771
19 883
190 868
1900 158
1901 1464
1902 1374
1903 38
1904 2718
1905 2713
1906 2991
1907 1386
1908 2822
1909 2000
191 502
1910 1218
1911 1217
1912 1521
1913 2617
1914 1969
1915 480
1916 299
1917 3014
1918 72
1919 1487
192 1697
1920 1543
1921 1205
1922 1465
1923 2037
1924 1220
1925 3080
1926 2233
1927 483
1928 481
1929 544
193 2325
1930 2089
1931 2597
1932 1651
1933 1911
1934 881
1935 2189
1936 2191
1937 1747
1938 1724
1939 2811
194 491
1940 1970
1941 290
1942 796
1943 2837
1944 1124
1945 1819
1946 1644
1947 1645
1948 1513
1949 1515
195 1110
1950 1360
1951 1079
1952 732
1953 1909
1954 1210
1955 1213
1956 2564
1957 2513
1958 2160
1959 2665
196 2311
1960 3200
1961 2970
1962 2973
1963 3034
1964 322
1965 37
1966 2919
1967 1764
1968 84
1969 1810
197 1366
1970 939
1971 940
1972 263
1973 1113
1974 1569
1975 1114
1976 2385
1977 1568
1978 2302
1979 1452
198 764
1980 44
1981 2245
1982 1270
1983 1272
1984 553
1985 900
1986 1470
1987 236
1988 237
1989 3043
199 440
1990 423
1991 2253
1992 243
1993 244
1994 1939
1995 2671
1996 2585
1997 2584
1998 2559
1999 2561
2 3185
20 1068
200 2761
2000 1766
2001 2482
2002 1212
2003 1877
2004 2144
2005 303
2006 302
2007 1977
2008 1918
2009 2043
201 1319
2010 1062
2011 1063
2012 1060
2013 1884
2014 1388
2015 1389
2016 3166
2017 3167
2018 1413
2019 937
202 1436
2020 2474
2021 1175
2022 1891
2023 1003
2024 821
2025 388
2026 1610
2027 1328
2028 2058
2029 2056
203 2766
2030 564
2031 469
2032 39
2033 40
2034 1754
2035 2786
2036 1369
2037 2696
2038 3072
2039 3073
204 1028
2040 2057
2041 1953
2042 2360
2043 1456
2044 50
2045 137
2046 750
2047 3255
2048 76
2049 75
205 2809
2050 41
2051 2079
2052 389
2053 178
2054 2345
2055 2517
2056 2903
2057 3115
2058 280
2059 1859
206 1517
2060 2753
2061 2472
2062 196
2063 2729
2064 186
2065 1725
2066 2016
2067 2985
2068 1717
2069 1716
207 2261
2070 2860
2071 2305
2072 930
2073 1288
2074 1361
2075 768
2076 3162
2077 985
2078 543
2079 714
208 963
2080 1211
2081 1934
2082 2920
2083 1611
2084 278
2085 3096
2086 2210
2087 2209
2088 2717
2089 2208
209 824
2090 565
2091 2884
2092 3164
2093 1547
2094 971
2095 539
2096 795
2097 1454
2098 2304
2099 320
21 737
210 1071
2100 2369
2101 2371
2102 2370
2103 1709
2104 277
2105 719
2106 581
2107 429
2108 428
2109 1714
211 2406
2110 1713
2111 1883
2112 1712
2113 2734
2114 701
2115 2908
2116 608
2117 3092
2118 715
2119 2904
212 697
2120 2990
2121 2064
2122 986
2123 663
2124 471
2125 2040
2126 195
2127 194
2128 3002
2129 2282
213 18
2130 2284
2131 2283
2132 267
2133 400
2134 3042
2135 683
2136 999
2137 966
2138 3039
2139 2404
214 1761
2140 1677
2141 684
2142 2619
2143 2618
2144 2620
2145 2518
2146 2392
2147 965
2148 2274
2149 1258
215 2031
2150 2827
2151 702
2152 2681
2153 2651
2154 1303
2155 227
2156 3254
2157 1583
2158 2013
2159 73
216 1896
2160 83
2161 1204
2162 2393
2163 2921
2164 2922
2165 1789
2166 748
2167 1228
2168 394
2169 743
217 658
2170 265
2171 402
2172 403
2173 2445
2174 2443
2175 74
2176 2821
2177 1120
2178 2781
2179 334
218 274
2180 3100
2181 473
2182 1750
2183 460
2184 103
2185 3287
2186 2379
2187 3047
2188 1958
2189 705
219 1043
2190 2895
2191 1357
2192 2483
2193 1579
2194 690
2195 3183
2196 1409
2197 1297
2198 2813
2199 2802
22 1045
220 2959
2200 335
2201 989
2202 9
2203 2836
2204 3194
2205 2796
2206 1602
2207 2516
2208 2873
2209 3184
221 727
2210 1444
2211 2684
2212 2165
2213 3018
2214 1927
2215 3293
2216 3173
2217 101
2218 3156
2219 2267
222 2980
2220 2768
2221 852
2222 1623
2223 1681
2224 439
2225 3079
2226 2126
2227 3137
2228 1614
2229 762
223 2364
2230 2411
2231 2956
2232 893
2233 2988
2234 1550
2235 2039
2236 2212
2237 1686
2238 2119
2239 2232
224 60
2240 1428
2241 3267
2242 769
2243 1802
2244 3019
2245 372
2246 2581
2247 2532
2248 2866
2249 2042
225 620
2250 1776
2251 2917
2252 448
2253 2897
2254 1640
2255 2663
2256 2510
2257 2872
2258 3110
2259 1191
226 2420
2260 668
2261 456
2262 988
2263 317
2264 1683
2265 3193
2266 3000
2267 1261
2268 1236
2269 545
227 1495
2270 1552
2271 2881
2272 574
2273 2280
2274 1394
2275 1443
2276 2019
2277 1541
2278 306
2279 1637
228 344
2280 1625
2281 2814
2282 2177
2283 3105
2284 941
2285 1383
2286 1349
2287 353
2288 1832
2289 1692
229 2722
2290 3187
2291 1738
2292 1715
2293 1840
2294 931
2295 1133
2296 2438
2297 2562
2298 1391
2299 2899
23 1944
230 1533
2300 2914
2301 3132
2302 942
2303 704
2304 2630
2305 2322
2306 105
2307 2577
2308 2427
2309 3247
231 3090
2310 371
2311 1831
2312 2705
2313 2792
2314 3240
2315 228
2316 1325
2317 533
2318 1961
2319 2466
232 404
2320 1993
2321 497
2322 2257
2323 1348
2324 1803
2325 2122
2326 2683
2327 2015
2328 2752
2329 2834
233 870
2330 3280
2331 1703
2332 2530
2333 2640
2334 2196
2335 2598
2336 2356
2337 2179
2338 2553
2339 1432
234 872
2340 1931
2341 2127
2342 2545
2343 969
2344 2691
2345 2412
2346 2950
2347 3048
2348 488
2349 2868
235 1595
2350 231
2351 58
2352 2107
2353 3218
2354 2888
2355 458
2356 104
2357 2889
2358 799
2359 847
236 698
2360 2596
2361 1733
2362 2330
2363 1307
2364 3127
2365 2497
2366 2534
2367 2279
2368 2874
2369 1012
237 7
2370 861
2371 1973
2372 3190
2373 3158
2374 1654
2375 342
2376 785
2377 2508
2378 1817
2379 97
238 1352
2380 3062
2381 2668
2382 2139
2383 907
2384 1403
2385 602
2386 2471
2387 3168
2388 2900
2389 2805
239 1337
2390 373
2391 2265
2392 421
2393 2983
2394 161
2395 2153
2396 2542
2397 162
2398 3078
2399 2316
24 804
240 1537
2400 1783
2401 1994
2402 379
2403 2072
2404 555
2405 2272
2406 1726
2407 2102
2408 3098
2409 3157
241 1293
2410 1322
2411 1800
2412 987
2413 2085
2414 1524
2415 2264
2416 1997
2417 1916
2418 121
2419 526
242 765
2420 1655
2421 1591
2422 2875
2423 2167
2424 1573
2425 2676
2426 2359
2427 1190
2428 1277
2429 1112
243 2073
2430 2335
2431 1017
2432 381
2433 2662
2434 1330
2435 1588
2436 1481
2437 1656
2438 959
2439 1823
244 63
2440 2675
2441 904
2442 3129
2443 2296
2444 2193
2445 2726
2446 1323
2447 1649
2448 2251
2449 1482
245 1523
2450 2408
2451 3302
2452 1630
2453 2739
2454 2935
2455 1497
2456 2695
2457 532
2458 622
2459 1688
246 595
2460 10
2461 1041
2462 2928
2463 1232
2464 1729
2465 2050
2466 1354
2467 2001
2468 889
2469 1301
247 1769
2470 2002
2471 528
2472 2066
2473 983
2474 2164
2475 2290
2476 2779
2477 954
2478 3281
2479 2108
248 726
2480 1975
2481 1984
2482 934
2483 984
2484 3175
2485 367
2486 3236
2487 2114
2488 2484
2489 2266
249 1950
2490 233
2491 1680
2492 887
2493 3209
2494 735
2495 3271
2496 3118
2497 3277
2498 2169
2499 1359
25 349
250 1812
2500 2639
2501 2298
2502 2509
2503 3076
2504 1298
2505 3023
2506 943
2507 2123
2508 3294
2509 3140
251 650
2510 1548
2511 93
2512 1751
2513 853
2514 2685
2515 2088
2516 2276
2517 2278
2518 1867
2519 1639
252 2544
2520 775
2521 759
2522 1398
2523 1018
2524 2855
2525 1324
2526 707
2527 2637
2528 3196
2529 791
253 758
2530 790
2531 26
2532 2049
2533 28
2534 369
2535 982
2536 1626
2537 3107
2538 3248
2539 3261
254 1022
2540 1095
2541 614
2542 613
2543 1702
2544 1704
2545 57
2546 1358
2547 572
2548 487
2549 1628
255 1962
2550 1166
2551 3303
2552 2965
2553 2271
2554 2664
2555 2732
2556 1735
2557 760
2558 436
2559 1736
256 566
2560 1905
2561 2468
2562 2250
2563 2249
2564 846
2565 3219
2566 1624
2567 1622
2568 2314
2569 606
257 3050
2570 1088
2571 3131
2572 2645
2573 784
2574 858
2575 3134
2576 133
2577 2478
2578 234
2579 1189
258 331
2580 2159
2581 1904
2582 3015
2583 1183
2584 1188
2585 1187
2586 3122
2587 3113
2588 772
2589 1968
259 2422
2590 2780
2591 3151
2592 2141
2593 1721
2594 2120
2595 2121
2596 3226
2597 763
2598 486
2599 2686
26 212
260 1669
2600 1156
2601 2487
2602 3030
2603 169
2604 1490
2605 2256
2606 1049
2607 1047
2608 1048
2609 370
261 2449
2610 2390
2611 2840
2612 2841
2613 2255
2614 2260
2615 1382
2616 1381
2617 1380
2618 2259
2619 3308
262 214
2620 2200
2621 2201
2622 2644
2623 468
2624 2692
2625 624
2626 625
2627 333
2628 3061
2629 1998
263 1090
2630 498
2631 1983
2632 3143
2633 2479
2634 706
2635 2707
2636 2706
2637 30
2638 1782
2639 3060
264 3025
2640 1746
2641 1262
2642 2486
2643 80
2644 82
2645 81
2646 2178
2647 1440
2648 3307
2649 3139
265 568
2650 877
2651 855
2652 2880
2653 3285
2654 746
2655 2572
2656 691
2657 2795
2658 1377
2659 2382
266 1235
2660 876
2661 1641
2662 3016
2663 3003
2664 1395
2665 770
2666 3046
2667 960
2668 3309
2669 1233
267 1646
2670 2129
2671 1822
2672 2098
2673 3154
2674 3238
2675 1601
2676 2522
2677 459
2678 2541
2679 3028
268 1152
2680 1948
2681 3212
2682 1818
2683 1815
2684 1816
2685 2968
2686 601
2687 2629
2688 2628
2689 2627
269 660
2690 2571
2691 3268
2692 2349
2693 3159
2694 3024
2695 2168
2696 235
2697 3192
2698 2989
2699 903
27 1665
270 2767
2700 1052
2701 1528
2702 1439
2703 96
2704 3031
2705 1419
2706 2727
2707 2340
2708 3205
2709 3213
271 628
2710 2113
2711 25
2712 434
2713 3286
2714 2020
2715 2289
2716 3120
2717 3119
2718 3246
2719 3245
272 452
2720 1364
2721 94
2722 2219
2723 2220
2724 1168
2725 3191
2726 761
2727 1658
2728 1076
2729 607
273 2502
2730 1011
2731 3172
2732 708
2733 2867
2734 167
2735 3045
2736 2782
2737 3111
2738 3099
2739 2342
274 1054
2740 3017
2741 1799
2742 1346
2743 2202
2744 1170
2745 771
2746 2865
2747 2751
2748 2750
2749 3203
275 814
2750 1638
2751 2992
2752 1396
2753 122
2754 98
2755 99
2756 2358
2757 2313
2758 2741
2759 2389
276 494
2760 2557
2761 2112
2762 3195
2763 2437
2764 569
2765 1379
2766 1491
2767 1329
2768 229
2769 2854
277 842
2770 2103
2771 3182
2772 3244
2773 1254
2774 1839
2775 1259
2776 1260
2777 575
2778 1169
2779 1675
278 1730
2780 437
2781 420
2782 3289
2783 1253
2784 378
2785 478
2786 2470
2787 2744
2788 2743
2789 2611
279 1164
2790 1042
2791 1203
2792 467
2793 230
2794 1689
2795 1690
2796 1899
2797 2041
2798 2784
2799 2456
28 525
280 1985
2800 2124
2801 2125
2802 2757
2803 1772
2804 2856
2805 1097
2806 1099
2807 1098
2808 2887
2809 168
281 766
2810 3180
2811 2128
2812 1796
2813 961
2814 3232
2815 3231
2816 906
2817 2067
2818 863
2819 862
282 2459
2820 251
2821 1237
2822 2995
2823 2391
2824 1039
2825 3206
2826 2493
2827 1484
2828 2063
2829 621
283 788
2830 1739
2831 2578
2832 1130
2833 1192
2834 2806
2835 860
2836 800
2837 802
2838 803
2839 2595
284 809
2840 2594
2841 2800
2842 2799
2843 2018
2844 3138
2845 1928
2846 1868
2847 48
2848 49
2849 2896
285 255
2850 1496
2851 2186
2852 2931
2853 2932
2854 3208
2855 442
2856 2737
2857 3233
2858 2960
2859 2643
286 1458
2860 652
2861 2300
2862 2052
2863 1674
2864 1418
2865 958
2866 2152
2867 2060
2868 1355
2869 2205
287 644
2870 438
2871 2511
2872 1404
2873 1485
2874 2778
2875 2978
2876 2831
2877 2467
2878 1526
2879 2967
288 1153
2880 1347
2881 792
2882 801
2883 1590
2884 2555
2885 3306
2886 1575
2887 1574
2888 1576
2889 252
289 304
2890 1295
2891 2898
2892 2913
2893 571
2894 2258
2895 617
2896 2254
2897 618
2898 2331
2899 2797
29 125
290 1670
2900 2798
2901 1408
2902 616
2903 1121
2904 1777
2905 2321
2906 3176
2907 232
2908 2927
2909 2032
291 562
2910 3301
2911 2835
2912 2740
2913 1657
2914 2977
2915 2843
2916 134
2917 3133
2918 1296
2919 3141
292 1888
2920 2849
2921 3089
2922 3088
2923 2350
2924 2351
2925 2758
2926 2494
2927 1306
2928 2994
2929 2061
293 1557
2930 527
2931 888
2932 2053
2933 623
2934 2426
2935 3101
2936 2204
2937 2381
2938 2380
2939 2021
294 2616
2940 2824
2941 2804
2942 2844
2943 933
2944 615
2945 457
2946 2610
2947 2832
2948 2529
2949 2295
295 345
2950 2334
2951 1416
2952 2682
2953 2332
2954 2558
2955 315
2956 2333
2957 319
2958 2527
2959 318
296 348
2960 556
2961 2504
2962 2878
2963 2807
2964 418
2965 783
2966 1107
2967 1106
2968 2658
2969 1474
297 648
2970 2723
2971 1915
2972 2775
2973 1947
2974 2235
2975 1603
2976 2315
2977 1040
2978 2699
2979 2769
298 3084
2980 529
2981 1629
2982 2341
2983 2938
2984 2936
2985 1952
2986 2937
2987 1010
2988 3074
2989 3075
299 1826
2990 3266
2991 2715
2992 2038
2993 2660
2994 856
2995 396
2996 1701
2997 1700
2998 1157
2999 1898
3 517
30 1631
300 3288
3000 1462
3001 2083
3002 2636
3003 2714
3004 1477
3005 1165
3006 1167
3007 573
3008 1545
3009 3223
301 2431
3010 3009
3011 3008
3012 3128
3013 59
3014 1231
3015 192
3016 2117
3017 2118
3018 332
3019 2059
302 182
3020 27
3021 747
3022 435
3023 1392
3024 774
3025 2803
3026 166
3027 165
3028 13
3029 1540
303 1564
3030 2631
3031 380
3032 953
3033 892
3034 2580
3035 2582
3036 2794
3037 100
3038 3263
3039 3202
304 1919
3040 305
3041 2130
3042 3260
3043 530
3044 2078
3045 3262
3046 1529
3047 3044
3048 2747
3049 2430
305 699
3050 2429
3051 1549
3052 1551
3053 2700
3054 1865
3055 3257
3056 3256
3057 1093
3058 1050
3059 2554
306 359
3060 2538
3061 2537
3062 2536
3063 2742
3064 29
3065 22
3066 23
3067 21
3068 1880
3069 1879
307 1667
3070 1013
3071 546
3072 2230
3073 3201
3074 1801
3075 1483
3076 2825
3077 2234
3078 1171
3079 2281
308 2273
3080 1445
3081 2096
3082 2095
3083 2097
3084 2094
3085 1441
3086 3214
3087 1158
3088 576
3089 433
309 1941
3090 1402
3091 2839
3092 2756
3093 2435
3094 377
3095 2338
3096 2337
3097 2336
3098 1599
3099 1600
31 1797
310 1833
3100 91
3101 89
3102 90
3103 2591
3104 2592
3105 2777
3106 1278
3107 905
3108 2277
3109 1155
311 789
3110 2733
3111 531
3112 1096
3113 1100
3114 2231
3115 854
3116 1430
3117 1263
3118 1604
3119 2357
312 2288
3120 1737
3121 490
3122 489
3123 2492
3124 669
3125 368
3126 3300
3127 1393
3128 2987
3129 170
313 1084
3130 740
3131 741
3132 2166
3133 2086
3134 2087
3135 793
3136 1141
3137 1142
3138 1627
3139 2378
314 1020
3140 1972
3141 3153
3142 2853
3143 419
3144 3104
3145 2894
3146 2269
3147 2702
3148 2270
3149 2704
315 1083
3150 2929
3151 2268
3152 2593
3153 12
3154 1687
3155 1410
3156 463
3157 2793
3158 2455
3159 496
316 1289
3160 2667
3161 1132
3162 14
3163 3135
3164 1930
3165 2006
3166 2955
3167 2195
3168 2194
3169 193
317 2030
3170 2206
3171 1682
3172 2070
3173 2916
3174 1077
3175 1804
3176 970
3177 3207
3178 1279
3179 2982
318 977
3180 2299
3181 2151
3182 3251
3183 1449
3184 2861
3185 2115
3186 2669
3187 1720
3188 2535
3189 2533
319 2907
3190 1429
3191 1234
3192 2646
3193 932
3194 3155
3195 2869
3196 1401
3197 2979
3198 2885
3199 2886
32 307
320 944
3200 1131
3201 2485
3202 891
3203 1094
3204 890
3205 2721
3206 92
3207 2871
3208 1202
3209 2984
321 3237
3210 3242
3211 338
3212 340
3213 339
3214 343
3215 352
3216 341
3217 2996
3218 2661
3219 2062
322 3063
3220 2776
3221 2014
3222 2297
3223 1397
3224 570
3225 2657
3226 2951
3227 2949
3228 2694
3229 1945
323 2397
3230 1946
3231 1051
3232 2309
3233 1705
3234 2720
3235 1926
3236 1694
3237 2523
3238 2524
3239 3243
324 1988
3240 1589
3241 2957
3242 2958
3243 2785
3244 24
3245 3005
3246 3004
3247 2599
3248 431
3249 2495
325 314
3250 2440
3251 2439
3252 2156
3253 2157
3254 2563
3255 1734
3256 3284
3257 1525
3258 2026
3259 955
326 311
3260 2625
3261 2626
3262 1247
3263 2624
3264 3204
3265 1461
3266 2033
3267 1873
3268 2034
3269 2410
327 313
3270 2428
3271 2425
3272 1331
3273 1685
3274 56
3275 1321
3276 2409
3277 3181
3278 1527
3279 1405
328 499
3280 3279
3281 2469
3282 3239
3283 2101
3284 2100
3285 2496
3286 95
3287 1342
3288 1343
3289 432
329 1058
3290 2192
3291 1960
3292 2952
3293 2693
3294 3272
3295 2703
3296 2142
3297 2966
3298 2203
3299 1613
33 1668
330 1835
3300 1957
3301 3310
3302 1421
3303 1995
3304 2071
3305 745
3306 1420
3307 2084
3308 3032
3309 3033
331 1572
3310 447
3311 2659
332 1116
333 3094
334 2505
335 1311
336 2850
337 645
338 223
339 412
34 1284
340 2808
341 838
342 1037
343 2765
344 1089
345 3064
346 1728
347 1892
348 356
349 2243
35 284
350 1986
351 2099
352 1184
353 1185
354 1186
355 257
356 256
357 640
358 1163
359 1162
36 1053
360 2859
361 2858
362 1925
363 2736
364 62
365 978
366 1285
367 1019
368 1871
369 1560
37 1795
370 1128
371 1563
372 492
373 559
374 558
375 2573
376 2362
377 1974
378 426
379 638
38 511
380 1072
381 443
382 65
383 583
384 946
385 1433
386 1434
387 1031
388 1949
389 535
39 2579
390 69
391 66
392 805
393 1664
394 1666
395 2323
396 17
397 19
398 2648
399 839
4 3035
40 1316
400 2601
401 1447
402 2862
403 2158
404 409
405 1448
406 2674
407 2556
408 3093
409 1196
41 1255
410 1290
411 1315
412 2711
413 1353
414 1749
415 635
416 590
417 1825
418 592
419 2863
42 782
420 1889
421 113
422 1618
423 633
424 1856
425 1091
426 1092
427 3228
428 1075
429 810
43 2588
430 222
431 1223
432 667
433 2501
434 1033
435 2829
436 1135
437 2104
438 183
439 64
44 587
440 3282
441 399
442 751
443 1225
444 560
445 561
446 1684
447 347
448 596
449 2634
45 679
450 1399
451 2632
452 445
453 1824
454 2246
455 1044
456 692
457 1838
458 1837
459 3124
46 1195
460 217
461 455
462 2365
463 1159
464 773
465 1990
466 1991
467 3117
468 1827
469 1616
47 15
470 1659
471 190
472 767
473 1257
474 88
475 148
476 147
477 841
478 1920
479 2745
48 2801
480 1534
481 1181
482 3126
483 258
484 1522
485 3077
486 2606
487 781
488 778
489 1992
49 1471
490 3269
491 2221
492 2180
493 884
494 588
495 362
496 1492
497 3036
498 1338
499 2215
5 1059
50 2933
500 829
501 1512
502 495
503 407
504 2109
505 1632
506 1034
507 2174
508 2155
509 2228
51 185
510 2140
511 2214
512 3258
513 2396
514 585
515 308
516 453
517 1785
518 3049
519 2670
52 3211
520 1136
521 2791
522 524
523 2448
524 1924
525 181
526 2986
527 1134
528 3224
529 1472
53 1942
530 1009
531 1350
532 1351
533 2386
534 2387
535 346
536 2890
537 1073
538 2679
539 2678
54 754
540 2372
541 649
542 1199
543 3197
544 547
545 1459
546 1773
547 1565
548 1774
549 1137
55 1407
550 935
551 1117
552 2163
553 1078
554 2317
555 1026
556 2065
557 2436
558 150
559 720
56 910
560 2633
561 1982
562 1660
563 2286
564 1770
565 995
566 923
567 1160
568 1767
569 513
57 1671
570 1291
571 2318
572 1415
573 1244
574 2105
575 1414
576 869
577 2783
578 2306
579 534
58 1662
580 224
581 225
582 2762
583 723
584 1762
585 636
586 1224
587 1828
588 2182
589 205
59 2476
590 180
591 656
592 1596
593 1193
594 1197
595 1194
596 1493
597 975
598 2851
599 1849
6 1067
60 2677
600 2688
601 1636
602 2384
603 2842
604 641
605 444
606 441
607 1698
608 521
609 1727
61 329
610 2344
611 626
612 514
613 1882
614 2329
615 360
616 815
617 2075
618 1536
619 523
62 922
620 2458
621 1530
622 354
623 2457
624 1531
625 1532
626 2017
627 2603
628 120
629 1987
63 2076
630 357
631 1294
632 1222
633 1617
634 406
635 2222
636 2551
637 1154
638 2689
639 1356
64 1069
640 739
641 282
642 3283
643 283
644 627
645 427
646 187
647 1367
648 957
649 1032
65 1996
650 2647
651 1558
652 20
653 619
654 1539
655 567
656 1480
657 2944
658 1794
659 964
66 1571
660 1561
661 501
662 2772
663 1066
664 3136
665 2007
666 1866
667 361
668 917
669 1663
67 1250
670 2810
671 2687
672 2005
673 1206
674 1001
675 646
676 1951
677 552
678 639
679 1118
68 3299
680 738
681 725
682 1070
683 350
684 1850
685 462
686 219
687 1936
688 1864
689 3235
69 454
690 629
691 945
692 859
693 2602
694 816
695 3199
696 2328
697 61
698 817
699 729
7 1139
70 2432
700 2999
701 757
702 2546
703 827
704 1335
705 1333
706 871
707 2307
708 68
709 2308
71 867
710 1400
711 2262
712 366
713 2054
714 742
715 2343
716 2503
717 2998
718 1000
719 1893
72 3148
720 2327
721 1035
722 1036
723 417
724 657
725 1932
726 1808
727 1853
728 1855
729 2339
73 2943
730 980
731 1478
732 221
733 682
734 2287
735 1055
736 979
737 981
738 2672
739 2181
74 1249
740 990
741 505
742 149
743 2407
744 755
745 1087
746 728
747 1024
748 752
749 516
75 962
750 365
751 680
752 2940
753 1109
754 879
755 3130
756 2552
757 2568
758 2567
759 2326
76 1002
760 2324
761 2475
762 424
763 557
764 3007
765 2735
766 3057
767 1256
768 1854
769 176
77 2368
770 924
771 1038
772 253
773 1959
774 716
775 2605
776 2247
777 1182
778 16
779 1748
78 2388
780 189
781 1064
782 878
783 2374
784 2373
785 2515
786 414
787 1836
788 1
789 2673
79 2447
790 2993
791 3114
792 991
793 127
794 1538
795 2138
796 1693
797 215
798 2055
799 67
8 1221
80 662
800 2934
801 1857
802 921
803 2654
804 1842
805 1858
806 1332
807 1829
808 288
809 289
81 2465
810 594
811 2303
812 694
813 1056
814 286
815 3026
816 416
817 1500
818 124
819 519
82 2760
820 2649
821 2367
822 593
823 2604
824 3152
825 3179
826 1384
827 1147
828 8
829 1283
83 3142
830 2543
831 1870
832 776
833 779
834 1635
835 450
836 451
837 449
838 584
839 3217
84 363
840 1085
841 2011
842 1243
843 1267
844 509
845 461
846 643
847 503
848 672
849 1699
85 1286
850 642
851 2355
852 994
853 2010
854 3275
855 1334
856 3311
857 950
858 1065
859 126
86 213
860 2912
861 1498
862 85
863 949
864 3265
865 1912
866 512
867 551
868 586
869 1760
87 976
870 2698
871 3020
872 1556
873 1956
874 1111
875 2
876 276
877 538
878 661
879 886
88 1287
880 717
881 3295
882 1798
883 2248
884 3097
885 6
886 3109
887 1937
888 1086
889 3150
89 0
890 3149
891 1074
892 828
893 826
894 2942
895 1562
896 254
897 2434
898 1365
899 1046
9 721
90 262
900 1933
901 1027
902 1025
903 2377
904 1180
905 220
906 1150
907 885
908 996
909 2068
91 2531
910 1148
911 1843
912 1385
913 1778
914 857
915 2500
916 1057
917 310
918 974
919 2621
92 285
920 1140
921 2974
922 2635
923 2961
924 2981
925 1781
926 2363
927 1149
928 1559
929 1023
93 3264
930 3215
931 2650
932 1435
933 1768
934 3037
935 4
936 536
937 537
938 864
939 866
94 1151
940 865
941 2423
942 2589
943 330
944 328
945 1029
946 474
947 806
948 500
949 2077
95 2106
950 780
951 840
952 632
953 1851
954 637
955 1881
956 918
957 3108
958 508
959 3001
96 1779
960 2263
961 2223
962 3186
963 2285
964 515
965 1634
966 504
967 2383
968 1852
969 1173
97 1807
970 724
971 1923
972 1406
973 2310
974 807
975 1313
976 1929
977 3022
978 659
979 5
98 730
980 1266
981 2446
982 355
983 1299
984 2229
985 309
986 3
987 1619
988 2638
989 1264
99 631
990 1265
991 1248
992 1784
993 1442
994 510
995 364
996 681
997 1780
998 753
999 813
